2026/03/19-14:08:56.441366 fa8 RocksDB version: 8.3.0
2026/03/19-14:08:56.443231 fa8 DB SUMMARY
2026/03/19-14:08:56.443269 fa8 DB Session ID:  BE0PI5EDMHC3PHX48X32
2026/03/19-14:08:56.443761 fa8 SST files in C:\MRI\txData\MRI\db\default dir, Total Num: 0, files: 
2026/03/19-14:08:56.443794 fa8 Write Ahead Log file in C:\MRI\txData\MRI\db\default: 
2026/03/19-14:08:56.443817 fa8                         Options.error_if_exists: 0
2026/03/19-14:08:56.443836 fa8                       Options.create_if_missing: 1
2026/03/19-14:08:56.443855 fa8                         Options.paranoid_checks: 1
2026/03/19-14:08:56.443873 fa8             Options.flush_verify_memtable_count: 1
2026/03/19-14:08:56.443891 fa8                               Options.track_and_verify_wals_in_manifest: 0
2026/03/19-14:08:56.443981 fa8        Options.verify_sst_unique_id_in_manifest: 1
2026/03/19-14:08:56.444085 fa8                                     Options.env: 0000009B6376B430
2026/03/19-14:08:56.444104 fa8                                      Options.fs: WinFS
2026/03/19-14:08:56.444114 fa8                                Options.info_log: 0000009B31E50370
2026/03/19-14:08:56.444124 fa8                Options.max_file_opening_threads: 16
2026/03/19-14:08:56.444134 fa8                              Options.statistics: 0000000000000000
2026/03/19-14:08:56.444144 fa8                               Options.use_fsync: 0
2026/03/19-14:08:56.444153 fa8                       Options.max_log_file_size: 0
2026/03/19-14:08:56.444163 fa8                  Options.max_manifest_file_size: 1073741824
2026/03/19-14:08:56.444173 fa8                   Options.log_file_time_to_roll: 0
2026/03/19-14:08:56.444183 fa8                       Options.keep_log_file_num: 10
2026/03/19-14:08:56.444192 fa8                    Options.recycle_log_file_num: 0
2026/03/19-14:08:56.444202 fa8                         Options.allow_fallocate: 1
2026/03/19-14:08:56.444211 fa8                        Options.allow_mmap_reads: 0
2026/03/19-14:08:56.444221 fa8                       Options.allow_mmap_writes: 0
2026/03/19-14:08:56.444230 fa8                        Options.use_direct_reads: 0
2026/03/19-14:08:56.444240 fa8                        Options.use_direct_io_for_flush_and_compaction: 0
2026/03/19-14:08:56.444250 fa8          Options.create_missing_column_families: 0
2026/03/19-14:08:56.444259 fa8                              Options.db_log_dir: 
2026/03/19-14:08:56.444269 fa8                                 Options.wal_dir: 
2026/03/19-14:08:56.444278 fa8                Options.table_cache_numshardbits: 6
2026/03/19-14:08:56.444288 fa8                         Options.WAL_ttl_seconds: 0
2026/03/19-14:08:56.444297 fa8                       Options.WAL_size_limit_MB: 0
2026/03/19-14:08:56.444307 fa8                        Options.max_write_batch_group_size_bytes: 1048576
2026/03/19-14:08:56.444317 fa8             Options.manifest_preallocation_size: 4194304
2026/03/19-14:08:56.444333 fa8                     Options.is_fd_close_on_exec: 1
2026/03/19-14:08:56.444343 fa8                   Options.advise_random_on_open: 1
2026/03/19-14:08:56.444352 fa8                    Options.db_write_buffer_size: 0
2026/03/19-14:08:56.444362 fa8                    Options.write_buffer_manager: 0000009B6376E5E0
2026/03/19-14:08:56.444372 fa8         Options.access_hint_on_compaction_start: 1
2026/03/19-14:08:56.444382 fa8           Options.random_access_max_buffer_size: 1048576
2026/03/19-14:08:56.444391 fa8                      Options.use_adaptive_mutex: 0
2026/03/19-14:08:56.444401 fa8                            Options.rate_limiter: 0000000000000000
2026/03/19-14:08:56.444415 fa8     Options.sst_file_manager.rate_bytes_per_sec: 0
2026/03/19-14:08:56.444425 fa8                       Options.wal_recovery_mode: 2
2026/03/19-14:08:56.444434 fa8                  Options.enable_thread_tracking: 0
2026/03/19-14:08:56.444444 fa8                  Options.enable_pipelined_write: 0
2026/03/19-14:08:56.444453 fa8                  Options.unordered_write: 0
2026/03/19-14:08:56.444463 fa8         Options.allow_concurrent_memtable_write: 1
2026/03/19-14:08:56.444498 fa8      Options.enable_write_thread_adaptive_yield: 1
2026/03/19-14:08:56.444514 fa8             Options.write_thread_max_yield_usec: 100
2026/03/19-14:08:56.444524 fa8            Options.write_thread_slow_yield_usec: 3
2026/03/19-14:08:56.444534 fa8                               Options.row_cache: None
2026/03/19-14:08:56.444543 fa8                              Options.wal_filter: None
2026/03/19-14:08:56.444553 fa8             Options.avoid_flush_during_recovery: 0
2026/03/19-14:08:56.444563 fa8             Options.allow_ingest_behind: 0
2026/03/19-14:08:56.444573 fa8             Options.two_write_queues: 0
2026/03/19-14:08:56.444582 fa8             Options.manual_wal_flush: 0
2026/03/19-14:08:56.444592 fa8             Options.wal_compression: 0
2026/03/19-14:08:56.444601 fa8             Options.atomic_flush: 0
2026/03/19-14:08:56.444611 fa8             Options.avoid_unnecessary_blocking_io: 0
2026/03/19-14:08:56.444621 fa8                 Options.persist_stats_to_disk: 0
2026/03/19-14:08:56.444642 fa8                 Options.write_dbid_to_manifest: 0
2026/03/19-14:08:56.444653 fa8                 Options.log_readahead_size: 0
2026/03/19-14:08:56.444663 fa8                 Options.file_checksum_gen_factory: Unknown
2026/03/19-14:08:56.444673 fa8                 Options.best_efforts_recovery: 0
2026/03/19-14:08:56.444682 fa8                Options.max_bgerror_resume_count: 2147483647
2026/03/19-14:08:56.444692 fa8            Options.bgerror_resume_retry_interval: 1000000
2026/03/19-14:08:56.444702 fa8             Options.allow_data_in_errors: 0
2026/03/19-14:08:56.444711 fa8             Options.db_host_id: __hostname__
2026/03/19-14:08:56.444721 fa8             Options.enforce_single_del_contracts: true
2026/03/19-14:08:56.444731 fa8             Options.max_background_jobs: 2
2026/03/19-14:08:56.444741 fa8             Options.max_background_compactions: -1
2026/03/19-14:08:56.444750 fa8             Options.max_subcompactions: 1
2026/03/19-14:08:56.444760 fa8             Options.avoid_flush_during_shutdown: 0
2026/03/19-14:08:56.444770 fa8           Options.writable_file_max_buffer_size: 1048576
2026/03/19-14:08:56.444779 fa8             Options.delayed_write_rate : 16777216
2026/03/19-14:08:56.444789 fa8             Options.max_total_wal_size: 0
2026/03/19-14:08:56.444798 fa8             Options.delete_obsolete_files_period_micros: 21600000000
2026/03/19-14:08:56.444808 fa8                   Options.stats_dump_period_sec: 600
2026/03/19-14:08:56.444818 fa8                 Options.stats_persist_period_sec: 600
2026/03/19-14:08:56.444827 fa8                 Options.stats_history_buffer_size: 1048576
2026/03/19-14:08:56.444837 fa8                          Options.max_open_files: -1
2026/03/19-14:08:56.444847 fa8                          Options.bytes_per_sync: 0
2026/03/19-14:08:56.444856 fa8                      Options.wal_bytes_per_sync: 0
2026/03/19-14:08:56.444866 fa8                   Options.strict_bytes_per_sync: 0
2026/03/19-14:08:56.444876 fa8       Options.compaction_readahead_size: 0
2026/03/19-14:08:56.444886 fa8                  Options.max_background_flushes: -1
2026/03/19-14:08:56.444895 fa8 Compression algorithms supported:
2026/03/19-14:08:56.444914 fa8 	kZSTD supported: 0
2026/03/19-14:08:56.444925 fa8 	kSnappyCompression supported: 0
2026/03/19-14:08:56.444935 fa8 	kBZip2Compression supported: 0
2026/03/19-14:08:56.444945 fa8 	kZlibCompression supported: 1
2026/03/19-14:08:56.444957 fa8 	kLZ4Compression supported: 1
2026/03/19-14:08:56.445097 fa8 	kXpressCompression supported: 0
2026/03/19-14:08:56.445114 fa8 	kLZ4HCCompression supported: 1
2026/03/19-14:08:56.445125 fa8 	kZSTDNotFinalCompression supported: 0
2026/03/19-14:08:56.445898 fa8 Fast CRC32 supported: Not supported on x86
2026/03/19-14:08:56.445917 fa8 DMutex implementation: std::mutex
2026/03/19-14:08:56.452510 fa8 [db\db_impl\db_impl_open.cc:316] Creating manifest 1 
2026/03/19-14:08:56.464318 fa8 [db\version_set.cc:5791] Recovering from manifest file: C:\MRI\txData\MRI\db\default/MANIFEST-000001
2026/03/19-14:08:56.467912 fa8 [db\column_family.cc:621] --------------- Options for column family [default]:
2026/03/19-14:08:56.467940 fa8               Options.comparator: leveldb.BytewiseComparator
2026/03/19-14:08:56.467952 fa8           Options.merge_operator: None
2026/03/19-14:08:56.467962 fa8        Options.compaction_filter: None
2026/03/19-14:08:56.467972 fa8        Options.compaction_filter_factory: None
2026/03/19-14:08:56.467982 fa8  Options.sst_partitioner_factory: None
2026/03/19-14:08:56.467992 fa8         Options.memtable_factory: SkipListFactory
2026/03/19-14:08:56.468002 fa8            Options.table_factory: BlockBasedTable
2026/03/19-14:08:56.468068 fa8            table_factory options:   flush_block_policy_factory: FlushBlockBySizePolicyFactory (0000009B34F5A2F0)
  cache_index_and_filter_blocks: 0
  cache_index_and_filter_blocks_with_high_priority: 1
  pin_l0_filter_and_index_blocks_in_cache: 0
  pin_top_level_index_and_filter: 1
  index_type: 0
  data_block_index_type: 0
  index_shortening: 1
  data_block_hash_table_util_ratio: 0.750000
  checksum: 4
  no_block_cache: 0
  block_cache: 0000009B6376CF70
  block_cache_name: LRUCache
  block_cache_options:
    capacity : 33554432
    num_shard_bits : 6
    strict_capacity_limit : 0
    memory_allocator : None
    high_pri_pool_ratio: 0.500
    low_pri_pool_ratio: 0.000
  persistent_cache: 0000000000000000
  block_size: 4096
  block_size_deviation: 10
  block_restart_interval: 16
  index_block_restart_interval: 1
  metadata_block_size: 4096
  partition_filters: 0
  use_delta_encoding: 1
  filter_policy: nullptr
  whole_key_filtering: 1
  verify_compression: 0
  read_amp_bytes_per_bit: 0
  format_version: 5
  enable_index_compression: 1
  block_align: 0
  max_auto_readahead_size: 262144
  prepopulate_block_cache: 0
  initial_auto_readahead_size: 8192
  num_file_reads_for_auto_readahead: 2
2026/03/19-14:08:56.468081 fa8        Options.write_buffer_size: 67108864
2026/03/19-14:08:56.468092 fa8  Options.max_write_buffer_number: 2
2026/03/19-14:08:56.468102 fa8          Options.compression: LZ4
2026/03/19-14:08:56.468112 fa8                  Options.bottommost_compression: Disabled
2026/03/19-14:08:56.468122 fa8       Options.prefix_extractor: nullptr
2026/03/19-14:08:56.468131 fa8   Options.memtable_insert_with_hint_prefix_extractor: nullptr
2026/03/19-14:08:56.468148 fa8             Options.num_levels: 7
2026/03/19-14:08:56.468159 fa8        Options.min_write_buffer_number_to_merge: 1
2026/03/19-14:08:56.468169 fa8     Options.max_write_buffer_number_to_maintain: 0
2026/03/19-14:08:56.468178 fa8     Options.max_write_buffer_size_to_maintain: 0
2026/03/19-14:08:56.468188 fa8            Options.bottommost_compression_opts.window_bits: -14
2026/03/19-14:08:56.468198 fa8                  Options.bottommost_compression_opts.level: 32767
2026/03/19-14:08:56.468208 fa8               Options.bottommost_compression_opts.strategy: 0
2026/03/19-14:08:56.468218 fa8         Options.bottommost_compression_opts.max_dict_bytes: 0
2026/03/19-14:08:56.468228 fa8         Options.bottommost_compression_opts.zstd_max_train_bytes: 0
2026/03/19-14:08:56.468242 fa8         Options.bottommost_compression_opts.parallel_threads: 1
2026/03/19-14:08:56.468260 fa8                  Options.bottommost_compression_opts.enabled: false
2026/03/19-14:08:56.468277 fa8         Options.bottommost_compression_opts.max_dict_buffer_bytes: 0
2026/03/19-14:08:56.468288 fa8         Options.bottommost_compression_opts.use_zstd_dict_trainer: true
2026/03/19-14:08:56.468298 fa8            Options.compression_opts.window_bits: -14
2026/03/19-14:08:56.468308 fa8                  Options.compression_opts.level: 32767
2026/03/19-14:08:56.468318 fa8               Options.compression_opts.strategy: 0
2026/03/19-14:08:56.468328 fa8         Options.compression_opts.max_dict_bytes: 0
2026/03/19-14:08:56.468337 fa8         Options.compression_opts.zstd_max_train_bytes: 0
2026/03/19-14:08:56.468347 fa8         Options.compression_opts.use_zstd_dict_trainer: true
2026/03/19-14:08:56.468357 fa8         Options.compression_opts.parallel_threads: 1
2026/03/19-14:08:56.468369 fa8                  Options.compression_opts.enabled: false
2026/03/19-14:08:56.468381 fa8         Options.compression_opts.max_dict_buffer_bytes: 0
2026/03/19-14:08:56.468392 fa8      Options.level0_file_num_compaction_trigger: 4
2026/03/19-14:08:56.468402 fa8          Options.level0_slowdown_writes_trigger: 20
2026/03/19-14:08:56.468488 fa8              Options.level0_stop_writes_trigger: 36
2026/03/19-14:08:56.468504 fa8                   Options.target_file_size_base: 67108864
2026/03/19-14:08:56.468514 fa8             Options.target_file_size_multiplier: 1
2026/03/19-14:08:56.468525 fa8                Options.max_bytes_for_level_base: 268435456
2026/03/19-14:08:56.468535 fa8 Options.level_compaction_dynamic_level_bytes: 0
2026/03/19-14:08:56.468544 fa8          Options.max_bytes_for_level_multiplier: 10.000000
2026/03/19-14:08:56.468557 fa8 Options.max_bytes_for_level_multiplier_addtl[0]: 1
2026/03/19-14:08:56.468568 fa8 Options.max_bytes_for_level_multiplier_addtl[1]: 1
2026/03/19-14:08:56.468577 fa8 Options.max_bytes_for_level_multiplier_addtl[2]: 1
2026/03/19-14:08:56.468587 fa8 Options.max_bytes_for_level_multiplier_addtl[3]: 1
2026/03/19-14:08:56.468597 fa8 Options.max_bytes_for_level_multiplier_addtl[4]: 1
2026/03/19-14:08:56.468607 fa8 Options.max_bytes_for_level_multiplier_addtl[5]: 1
2026/03/19-14:08:56.468617 fa8 Options.max_bytes_for_level_multiplier_addtl[6]: 1
2026/03/19-14:08:56.468643 fa8       Options.max_sequential_skip_in_iterations: 8
2026/03/19-14:08:56.468662 fa8                    Options.max_compaction_bytes: 1677721600
2026/03/19-14:08:56.468673 fa8   Options.ignore_max_compaction_bytes_for_input: true
2026/03/19-14:08:56.468683 fa8                        Options.arena_block_size: 1048576
2026/03/19-14:08:56.468693 fa8   Options.soft_pending_compaction_bytes_limit: 68719476736
2026/03/19-14:08:56.468702 fa8   Options.hard_pending_compaction_bytes_limit: 274877906944
2026/03/19-14:08:56.468713 fa8                Options.disable_auto_compactions: 0
2026/03/19-14:08:56.468725 fa8                        Options.compaction_style: kCompactionStyleLevel
2026/03/19-14:08:56.468736 fa8                          Options.compaction_pri: kMinOverlappingRatio
2026/03/19-14:08:56.468746 fa8 Options.compaction_options_universal.size_ratio: 1
2026/03/19-14:08:56.468756 fa8 Options.compaction_options_universal.min_merge_width: 2
2026/03/19-14:08:56.468765 fa8 Options.compaction_options_universal.max_merge_width: 4294967295
2026/03/19-14:08:56.468775 fa8 Options.compaction_options_universal.max_size_amplification_percent: 200
2026/03/19-14:08:56.468785 fa8 Options.compaction_options_universal.compression_size_percent: -1
2026/03/19-14:08:56.468796 fa8 Options.compaction_options_universal.stop_style: kCompactionStopStyleTotalSize
2026/03/19-14:08:56.468806 fa8 Options.compaction_options_fifo.max_table_files_size: 1073741824
2026/03/19-14:08:56.468816 fa8 Options.compaction_options_fifo.allow_compaction: 0
2026/03/19-14:08:56.468829 fa8                   Options.table_properties_collectors: 
2026/03/19-14:08:56.468840 fa8                   Options.inplace_update_support: 0
2026/03/19-14:08:56.468850 fa8                 Options.inplace_update_num_locks: 10000
2026/03/19-14:08:56.468859 fa8               Options.memtable_prefix_bloom_size_ratio: 0.000000
2026/03/19-14:08:56.468871 fa8               Options.memtable_whole_key_filtering: 0
2026/03/19-14:08:56.468881 fa8   Options.memtable_huge_page_size: 0
2026/03/19-14:08:56.468891 fa8                           Options.bloom_locality: 0
2026/03/19-14:08:56.468901 fa8                    Options.max_successive_merges: 0
2026/03/19-14:08:56.468910 fa8                Options.optimize_filters_for_hits: 0
2026/03/19-14:08:56.468920 fa8                Options.paranoid_file_checks: 0
2026/03/19-14:08:56.468930 fa8                Options.force_consistency_checks: 1
2026/03/19-14:08:56.468940 fa8                Options.report_bg_io_stats: 0
2026/03/19-14:08:56.468949 fa8                               Options.ttl: 2592000
2026/03/19-14:08:56.468987 fa8          Options.periodic_compaction_seconds: 0
2026/03/19-14:08:56.469003 fa8  Options.preclude_last_level_data_seconds: 0
2026/03/19-14:08:56.469013 fa8    Options.preserve_internal_time_seconds: 0
2026/03/19-14:08:56.469023 fa8                       Options.enable_blob_files: false
2026/03/19-14:08:56.469033 fa8                           Options.min_blob_size: 0
2026/03/19-14:08:56.469043 fa8                          Options.blob_file_size: 268435456
2026/03/19-14:08:56.469053 fa8                   Options.blob_compression_type: NoCompression
2026/03/19-14:08:56.469063 fa8          Options.enable_blob_garbage_collection: false
2026/03/19-14:08:56.469073 fa8      Options.blob_garbage_collection_age_cutoff: 0.250000
2026/03/19-14:08:56.469086 fa8 Options.blob_garbage_collection_force_threshold: 1.000000
2026/03/19-14:08:56.469097 fa8          Options.blob_compaction_readahead_size: 0
2026/03/19-14:08:56.469107 fa8                Options.blob_file_starting_level: 0
2026/03/19-14:08:56.469117 fa8 Options.experimental_mempurge_threshold: 0.000000
2026/03/19-14:08:56.476766 fa8 [db\version_set.cc:5842] Recovered from manifest file:C:\MRI\txData\MRI\db\default/MANIFEST-000001 succeeded,manifest_file_number is 1, next_file_number is 3, last_sequence is 0, log_number is 0,prev_log_number is 0,max_column_family is 0,min_log_number_to_keep is 0
2026/03/19-14:08:56.476799 fa8 [db\version_set.cc:5851] Column family [default] (ID 0), log number is 0
2026/03/19-14:08:56.477927 fa8 [db\db_impl\db_impl_open.cc:636] DB ID: 4fbfd08a-23b6-11f1-80be-95ec60f0aa94
2026/03/19-14:08:56.481559 fa8 [db\version_set.cc:5304] Creating manifest 5
2026/03/19-14:08:56.509370 fa8 [db\db_impl\db_impl_open.cc:2085] SstFileManager instance 0000009B32332C60
2026/03/19-14:08:56.510293 fa8 DB pointer 0000009B34BDA300
2026/03/19-14:08:56.512156 930 [db\db_impl\db_impl.cc:1091] ------- DUMPING STATS -------
2026/03/19-14:08:56.512198 930 [db\db_impl\db_impl.cc:1092] 
** DB Stats **
Uptime(secs): 0.0 total, 0.0 interval
Cumulative writes: 0 writes, 0 keys, 0 commit groups, 0.0 writes per commit group, ingest: 0.00 GB, 0.00 MB/s
Cumulative WAL: 0 writes, 0 syncs, 0.00 writes per sync, written: 0.00 GB, 0.00 MB/s
Cumulative stall: 00:00:0.000 H:M:S, 0.0 percent
Interval writes: 0 writes, 0 keys, 0 commit groups, 0.0 writes per commit group, ingest: 0.00 MB, 0.00 MB/s
Interval WAL: 0 writes, 0 syncs, 0.00 writes per sync, written: 0.00 GB, 0.00 MB/s
Interval stall: 00:00:0.000 H:M:S, 0.0 percent
Write Stall (count): write-buffer-manager-limit-stops: 0

** Compaction Stats [default] **
Level    Files   Size     Score Read(GB)  Rn(GB) Rnp1(GB) Write(GB) Wnew(GB) Moved(GB) W-Amp Rd(MB/s) Wr(MB/s) Comp(sec) CompMergeCPU(sec) Comp(cnt) Avg(sec) KeyIn KeyDrop Rblob(GB) Wblob(GB)
------------------------------------------------------------------------------------------------------------------------------------------------------------------------------------------------
 Sum      0/0    0.00 KB   0.0      0.0     0.0      0.0       0.0      0.0       0.0   0.0      0.0      0.0      0.00              0.00         0    0.000       0      0       0.0       0.0
 Int      0/0    0.00 KB   0.0      0.0     0.0      0.0       0.0      0.0       0.0   0.0      0.0      0.0      0.00              0.00         0    0.000       0      0       0.0       0.0

** Compaction Stats [default] **
Priority    Files   Size     Score Read(GB)  Rn(GB) Rnp1(GB) Write(GB) Wnew(GB) Moved(GB) W-Amp Rd(MB/s) Wr(MB/s) Comp(sec) CompMergeCPU(sec) Comp(cnt) Avg(sec) KeyIn KeyDrop Rblob(GB) Wblob(GB)
---------------------------------------------------------------------------------------------------------------------------------------------------------------------------------------------------

Blob file count: 0, total size: 0.0 GB, garbage size: 0.0 GB, space amp: 0.0

Uptime(secs): 0.0 total, 0.0 interval
Flush(GB): cumulative 0.000, interval 0.000
AddFile(GB): cumulative 0.000, interval 0.000
AddFile(Total Files): cumulative 0, interval 0
AddFile(L0 Files): cumulative 0, interval 0
AddFile(Keys): cumulative 0, interval 0
Cumulative compaction: 0.00 GB write, 0.00 MB/s write, 0.00 GB read, 0.00 MB/s read, 0.0 seconds
Interval compaction: 0.00 GB write, 0.00 MB/s write, 0.00 GB read, 0.00 MB/s read, 0.0 seconds
Write Stall (count): cf-l0-file-count-limit-delays-with-ongoing-compaction: 0, cf-l0-file-count-limit-stops-with-ongoing-compaction: 0, l0-file-count-limit-delays: 0, l0-file-count-limit-stops: 0, memtable-limit-delays: 0, memtable-limit-stops: 0, pending-compaction-bytes-delays: 0, pending-compaction-bytes-stops: 0, total-delays: 0, total-stops: 0
Block cache LRUCache@0000009B6376CF70#3948 capacity: 32.00 MB seed: 2106294176 usage: 0.08 KB table_size: 1024 occupancy: 1 collections: 1 last_copies: 0 last_secs: 0.000116 secs_since: 0
Block cache entry stats(count,size,portion): Misc(1,0.00 KB,0%)

** File Read Latency Histogram By Level [default] **
2026/03/19-14:18:56.513128 930 [db\db_impl\db_impl.cc:1091] ------- DUMPING STATS -------
2026/03/19-14:18:56.513261 930 [db\db_impl\db_impl.cc:1092] 
** DB Stats **
Uptime(secs): 600.0 total, 600.0 interval
Cumulative writes: 1 writes, 1 keys, 1 commit groups, 1.0 writes per commit group, ingest: 0.00 GB, 0.00 MB/s
Cumulative WAL: 1 writes, 1 syncs, 1.00 writes per sync, written: 0.00 GB, 0.00 MB/s
Cumulative stall: 00:00:0.000 H:M:S, 0.0 percent
Interval writes: 1 writes, 1 keys, 1 commit groups, 1.0 writes per commit group, ingest: 0.00 MB, 0.00 MB/s
Interval WAL: 1 writes, 1 syncs, 1.00 writes per sync, written: 0.00 GB, 0.00 MB/s
Interval stall: 00:00:0.000 H:M:S, 0.0 percent
Write Stall (count): write-buffer-manager-limit-stops: 0

** Compaction Stats [default] **
Level    Files   Size     Score Read(GB)  Rn(GB) Rnp1(GB) Write(GB) Wnew(GB) Moved(GB) W-Amp Rd(MB/s) Wr(MB/s) Comp(sec) CompMergeCPU(sec) Comp(cnt) Avg(sec) KeyIn KeyDrop Rblob(GB) Wblob(GB)
------------------------------------------------------------------------------------------------------------------------------------------------------------------------------------------------
 Sum      0/0    0.00 KB   0.0      0.0     0.0      0.0       0.0      0.0       0.0   0.0      0.0      0.0      0.00              0.00         0    0.000       0      0       0.0       0.0
 Int      0/0    0.00 KB   0.0      0.0     0.0      0.0       0.0      0.0       0.0   0.0      0.0      0.0      0.00              0.00         0    0.000       0      0       0.0       0.0

** Compaction Stats [default] **
Priority    Files   Size     Score Read(GB)  Rn(GB) Rnp1(GB) Write(GB) Wnew(GB) Moved(GB) W-Amp Rd(MB/s) Wr(MB/s) Comp(sec) CompMergeCPU(sec) Comp(cnt) Avg(sec) KeyIn KeyDrop Rblob(GB) Wblob(GB)
---------------------------------------------------------------------------------------------------------------------------------------------------------------------------------------------------

Blob file count: 0, total size: 0.0 GB, garbage size: 0.0 GB, space amp: 0.0

Uptime(secs): 600.0 total, 600.0 interval
Flush(GB): cumulative 0.000, interval 0.000
AddFile(GB): cumulative 0.000, interval 0.000
AddFile(Total Files): cumulative 0, interval 0
AddFile(L0 Files): cumulative 0, interval 0
AddFile(Keys): cumulative 0, interval 0
Cumulative compaction: 0.00 GB write, 0.00 MB/s write, 0.00 GB read, 0.00 MB/s read, 0.0 seconds
Interval compaction: 0.00 GB write, 0.00 MB/s write, 0.00 GB read, 0.00 MB/s read, 0.0 seconds
Write Stall (count): cf-l0-file-count-limit-delays-with-ongoing-compaction: 0, cf-l0-file-count-limit-stops-with-ongoing-compaction: 0, l0-file-count-limit-delays: 0, l0-file-count-limit-stops: 0, memtable-limit-delays: 0, memtable-limit-stops: 0, pending-compaction-bytes-delays: 0, pending-compaction-bytes-stops: 0, total-delays: 0, total-stops: 0
Block cache LRUCache@0000009B6376CF70#3948 capacity: 32.00 MB seed: 2106294176 usage: 0.08 KB table_size: 1024 occupancy: 1 collections: 2 last_copies: 0 last_secs: 0.000157 secs_since: 0
Block cache entry stats(count,size,portion): Misc(1,0.00 KB,0%)

** File Read Latency Histogram By Level [default] **
2026/03/19-14:28:56.515023 930 [db\db_impl\db_impl.cc:1091] ------- DUMPING STATS -------
2026/03/19-14:28:56.515156 930 [db\db_impl\db_impl.cc:1092] 
** DB Stats **
Uptime(secs): 1200.0 total, 600.0 interval
Cumulative writes: 1 writes, 1 keys, 1 commit groups, 1.0 writes per commit group, ingest: 0.00 GB, 0.00 MB/s
Cumulative WAL: 1 writes, 1 syncs, 1.00 writes per sync, written: 0.00 GB, 0.00 MB/s
Cumulative stall: 00:00:0.000 H:M:S, 0.0 percent
Interval writes: 0 writes, 0 keys, 0 commit groups, 0.0 writes per commit group, ingest: 0.00 MB, 0.00 MB/s
Interval WAL: 0 writes, 0 syncs, 0.00 writes per sync, written: 0.00 GB, 0.00 MB/s
Interval stall: 00:00:0.000 H:M:S, 0.0 percent
Write Stall (count): write-buffer-manager-limit-stops: 0

** Compaction Stats [default] **
Level    Files   Size     Score Read(GB)  Rn(GB) Rnp1(GB) Write(GB) Wnew(GB) Moved(GB) W-Amp Rd(MB/s) Wr(MB/s) Comp(sec) CompMergeCPU(sec) Comp(cnt) Avg(sec) KeyIn KeyDrop Rblob(GB) Wblob(GB)
------------------------------------------------------------------------------------------------------------------------------------------------------------------------------------------------
 Sum      0/0    0.00 KB   0.0      0.0     0.0      0.0       0.0      0.0       0.0   0.0      0.0      0.0      0.00              0.00         0    0.000       0      0       0.0       0.0
 Int      0/0    0.00 KB   0.0      0.0     0.0      0.0       0.0      0.0       0.0   0.0      0.0      0.0      0.00              0.00         0    0.000       0      0       0.0       0.0

** Compaction Stats [default] **
Priority    Files   Size     Score Read(GB)  Rn(GB) Rnp1(GB) Write(GB) Wnew(GB) Moved(GB) W-Amp Rd(MB/s) Wr(MB/s) Comp(sec) CompMergeCPU(sec) Comp(cnt) Avg(sec) KeyIn KeyDrop Rblob(GB) Wblob(GB)
---------------------------------------------------------------------------------------------------------------------------------------------------------------------------------------------------

Blob file count: 0, total size: 0.0 GB, garbage size: 0.0 GB, space amp: 0.0

Uptime(secs): 1200.0 total, 600.0 interval
Flush(GB): cumulative 0.000, interval 0.000
AddFile(GB): cumulative 0.000, interval 0.000
AddFile(Total Files): cumulative 0, interval 0
AddFile(L0 Files): cumulative 0, interval 0
AddFile(Keys): cumulative 0, interval 0
Cumulative compaction: 0.00 GB write, 0.00 MB/s write, 0.00 GB read, 0.00 MB/s read, 0.0 seconds
Interval compaction: 0.00 GB write, 0.00 MB/s write, 0.00 GB read, 0.00 MB/s read, 0.0 seconds
Write Stall (count): cf-l0-file-count-limit-delays-with-ongoing-compaction: 0, cf-l0-file-count-limit-stops-with-ongoing-compaction: 0, l0-file-count-limit-delays: 0, l0-file-count-limit-stops: 0, memtable-limit-delays: 0, memtable-limit-stops: 0, pending-compaction-bytes-delays: 0, pending-compaction-bytes-stops: 0, total-delays: 0, total-stops: 0
Block cache LRUCache@0000009B6376CF70#3948 capacity: 32.00 MB seed: 2106294176 usage: 0.08 KB table_size: 1024 occupancy: 1 collections: 3 last_copies: 0 last_secs: 0.00014 secs_since: 0
Block cache entry stats(count,size,portion): Misc(1,0.00 KB,0%)

** File Read Latency Histogram By Level [default] **
2026/03/19-14:38:56.516061 930 [db\db_impl\db_impl.cc:1091] ------- DUMPING STATS -------
2026/03/19-14:38:56.516144 930 [db\db_impl\db_impl.cc:1092] 
** DB Stats **
Uptime(secs): 1800.0 total, 600.0 interval
Cumulative writes: 1 writes, 1 keys, 1 commit groups, 1.0 writes per commit group, ingest: 0.00 GB, 0.00 MB/s
Cumulative WAL: 1 writes, 1 syncs, 1.00 writes per sync, written: 0.00 GB, 0.00 MB/s
Cumulative stall: 00:00:0.000 H:M:S, 0.0 percent
Interval writes: 0 writes, 0 keys, 0 commit groups, 0.0 writes per commit group, ingest: 0.00 MB, 0.00 MB/s
Interval WAL: 0 writes, 0 syncs, 0.00 writes per sync, written: 0.00 GB, 0.00 MB/s
Interval stall: 00:00:0.000 H:M:S, 0.0 percent
Write Stall (count): write-buffer-manager-limit-stops: 0
2026/03/19-14:48:56.516806 930 [db\db_impl\db_impl.cc:1091] ------- DUMPING STATS -------
2026/03/19-14:48:56.516869 930 [db\db_impl\db_impl.cc:1092] 
** DB Stats **
Uptime(secs): 2400.0 total, 600.0 interval
Cumulative writes: 1 writes, 1 keys, 1 commit groups, 1.0 writes per commit group, ingest: 0.00 GB, 0.00 MB/s
Cumulative WAL: 1 writes, 1 syncs, 1.00 writes per sync, written: 0.00 GB, 0.00 MB/s
Cumulative stall: 00:00:0.000 H:M:S, 0.0 percent
Interval writes: 0 writes, 0 keys, 0 commit groups, 0.0 writes per commit group, ingest: 0.00 MB, 0.00 MB/s
Interval WAL: 0 writes, 0 syncs, 0.00 writes per sync, written: 0.00 GB, 0.00 MB/s
Interval stall: 00:00:0.000 H:M:S, 0.0 percent
Write Stall (count): write-buffer-manager-limit-stops: 0
2026/03/19-14:58:56.518753 930 [db\db_impl\db_impl.cc:1091] ------- DUMPING STATS -------
2026/03/19-14:58:56.519340 930 [db\db_impl\db_impl.cc:1092] 
** DB Stats **
Uptime(secs): 3000.1 total, 600.0 interval
Cumulative writes: 1 writes, 1 keys, 1 commit groups, 1.0 writes per commit group, ingest: 0.00 GB, 0.00 MB/s
Cumulative WAL: 1 writes, 1 syncs, 1.00 writes per sync, written: 0.00 GB, 0.00 MB/s
Cumulative stall: 00:00:0.000 H:M:S, 0.0 percent
Interval writes: 0 writes, 0 keys, 0 commit groups, 0.0 writes per commit group, ingest: 0.00 MB, 0.00 MB/s
Interval WAL: 0 writes, 0 syncs, 0.00 writes per sync, written: 0.00 GB, 0.00 MB/s
Interval stall: 00:00:0.000 H:M:S, 0.0 percent
Write Stall (count): write-buffer-manager-limit-stops: 0
2026/03/19-15:08:56.520754 930 [db\db_impl\db_impl.cc:1091] ------- DUMPING STATS -------
2026/03/19-15:08:56.520837 930 [db\db_impl\db_impl.cc:1092] 
** DB Stats **
Uptime(secs): 3600.1 total, 600.0 interval
Cumulative writes: 1 writes, 1 keys, 1 commit groups, 1.0 writes per commit group, ingest: 0.00 GB, 0.00 MB/s
Cumulative WAL: 1 writes, 1 syncs, 1.00 writes per sync, written: 0.00 GB, 0.00 MB/s
Cumulative stall: 00:00:0.000 H:M:S, 0.0 percent
Interval writes: 0 writes, 0 keys, 0 commit groups, 0.0 writes per commit group, ingest: 0.00 MB, 0.00 MB/s
Interval WAL: 0 writes, 0 syncs, 0.00 writes per sync, written: 0.00 GB, 0.00 MB/s
Interval stall: 00:00:0.000 H:M:S, 0.0 percent
Write Stall (count): write-buffer-manager-limit-stops: 0
2026/03/19-15:18:56.521514 930 [db\db_impl\db_impl.cc:1091] ------- DUMPING STATS -------
2026/03/19-15:18:56.521585 930 [db\db_impl\db_impl.cc:1092] 
** DB Stats **
Uptime(secs): 4200.1 total, 600.0 interval
Cumulative writes: 1 writes, 1 keys, 1 commit groups, 1.0 writes per commit group, ingest: 0.00 GB, 0.00 MB/s
Cumulative WAL: 1 writes, 1 syncs, 1.00 writes per sync, written: 0.00 GB, 0.00 MB/s
Cumulative stall: 00:00:0.000 H:M:S, 0.0 percent
Interval writes: 0 writes, 0 keys, 0 commit groups, 0.0 writes per commit group, ingest: 0.00 MB, 0.00 MB/s
Interval WAL: 0 writes, 0 syncs, 0.00 writes per sync, written: 0.00 GB, 0.00 MB/s
Interval stall: 00:00:0.000 H:M:S, 0.0 percent
Write Stall (count): write-buffer-manager-limit-stops: 0
2026/03/19-15:28:56.522490 930 [db\db_impl\db_impl.cc:1091] ------- DUMPING STATS -------
2026/03/19-15:28:56.522641 930 [db\db_impl\db_impl.cc:1092] 
** DB Stats **
Uptime(secs): 4800.1 total, 600.0 interval
Cumulative writes: 1 writes, 1 keys, 1 commit groups, 1.0 writes per commit group, ingest: 0.00 GB, 0.00 MB/s
Cumulative WAL: 1 writes, 1 syncs, 1.00 writes per sync, written: 0.00 GB, 0.00 MB/s
Cumulative stall: 00:00:0.000 H:M:S, 0.0 percent
Interval writes: 0 writes, 0 keys, 0 commit groups, 0.0 writes per commit group, ingest: 0.00 MB, 0.00 MB/s
Interval WAL: 0 writes, 0 syncs, 0.00 writes per sync, written: 0.00 GB, 0.00 MB/s
Interval stall: 00:00:0.000 H:M:S, 0.0 percent
Write Stall (count): write-buffer-manager-limit-stops: 0
2026/03/19-15:38:56.524527 930 [db\db_impl\db_impl.cc:1091] ------- DUMPING STATS -------
2026/03/19-15:38:56.524607 930 [db\db_impl\db_impl.cc:1092] 
** DB Stats **
Uptime(secs): 5400.1 total, 600.0 interval
Cumulative writes: 1 writes, 1 keys, 1 commit groups, 1.0 writes per commit group, ingest: 0.00 GB, 0.00 MB/s
Cumulative WAL: 1 writes, 1 syncs, 1.00 writes per sync, written: 0.00 GB, 0.00 MB/s
Cumulative stall: 00:00:0.000 H:M:S, 0.0 percent
Interval writes: 0 writes, 0 keys, 0 commit groups, 0.0 writes per commit group, ingest: 0.00 MB, 0.00 MB/s
Interval WAL: 0 writes, 0 syncs, 0.00 writes per sync, written: 0.00 GB, 0.00 MB/s
Interval stall: 00:00:0.000 H:M:S, 0.0 percent
Write Stall (count): write-buffer-manager-limit-stops: 0
2026/03/19-15:48:56.526757 930 [db\db_impl\db_impl.cc:1091] ------- DUMPING STATS -------
2026/03/19-15:48:56.526817 930 [db\db_impl\db_impl.cc:1092] 
** DB Stats **
Uptime(secs): 6000.1 total, 600.0 interval
Cumulative writes: 1 writes, 1 keys, 1 commit groups, 1.0 writes per commit group, ingest: 0.00 GB, 0.00 MB/s
Cumulative WAL: 1 writes, 1 syncs, 1.00 writes per sync, written: 0.00 GB, 0.00 MB/s
Cumulative stall: 00:00:0.000 H:M:S, 0.0 percent
Interval writes: 0 writes, 0 keys, 0 commit groups, 0.0 writes per commit group, ingest: 0.00 MB, 0.00 MB/s
Interval WAL: 0 writes, 0 syncs, 0.00 writes per sync, written: 0.00 GB, 0.00 MB/s
Interval stall: 00:00:0.000 H:M:S, 0.0 percent
Write Stall (count): write-buffer-manager-limit-stops: 0

** Compaction Stats [default] **
Level    Files   Size     Score Read(GB)  Rn(GB) Rnp1(GB) Write(GB) Wnew(GB) Moved(GB) W-Amp Rd(MB/s) Wr(MB/s) Comp(sec) CompMergeCPU(sec) Comp(cnt) Avg(sec) KeyIn KeyDrop Rblob(GB) Wblob(GB)
------------------------------------------------------------------------------------------------------------------------------------------------------------------------------------------------
 Sum      0/0    0.00 KB   0.0      0.0     0.0      0.0       0.0      0.0       0.0   0.0      0.0      0.0      0.00              0.00         0    0.000       0      0       0.0       0.0
 Int      0/0    0.00 KB   0.0      0.0     0.0      0.0       0.0      0.0       0.0   0.0      0.0      0.0      0.00              0.00         0    0.000       0      0       0.0       0.0

** Compaction Stats [default] **
Priority    Files   Size     Score Read(GB)  Rn(GB) Rnp1(GB) Write(GB) Wnew(GB) Moved(GB) W-Amp Rd(MB/s) Wr(MB/s) Comp(sec) CompMergeCPU(sec) Comp(cnt) Avg(sec) KeyIn KeyDrop Rblob(GB) Wblob(GB)
---------------------------------------------------------------------------------------------------------------------------------------------------------------------------------------------------

Blob file count: 0, total size: 0.0 GB, garbage size: 0.0 GB, space amp: 0.0

Uptime(secs): 6000.1 total, 4800.0 interval
Flush(GB): cumulative 0.000, interval 0.000
AddFile(GB): cumulative 0.000, interval 0.000
AddFile(Total Files): cumulative 0, interval 0
AddFile(L0 Files): cumulative 0, interval 0
AddFile(Keys): cumulative 0, interval 0
Cumulative compaction: 0.00 GB write, 0.00 MB/s write, 0.00 GB read, 0.00 MB/s read, 0.0 seconds
Interval compaction: 0.00 GB write, 0.00 MB/s write, 0.00 GB read, 0.00 MB/s read, 0.0 seconds
Write Stall (count): cf-l0-file-count-limit-delays-with-ongoing-compaction: 0, cf-l0-file-count-limit-stops-with-ongoing-compaction: 0, l0-file-count-limit-delays: 0, l0-file-count-limit-stops: 0, memtable-limit-delays: 0, memtable-limit-stops: 0, pending-compaction-bytes-delays: 0, pending-compaction-bytes-stops: 0, total-delays: 0, total-stops: 0
Block cache LRUCache@0000009B6376CF70#3948 capacity: 32.00 MB seed: 2106294176 usage: 0.08 KB table_size: 1024 occupancy: 1 collections: 11 last_copies: 0 last_secs: 0.000239 secs_since: 0
Block cache entry stats(count,size,portion): Misc(1,0.00 KB,0%)

** File Read Latency Histogram By Level [default] **
2026/03/19-15:58:56.528517 930 [db\db_impl\db_impl.cc:1091] ------- DUMPING STATS -------
2026/03/19-15:58:56.528674 930 [db\db_impl\db_impl.cc:1092] 
** DB Stats **
Uptime(secs): 6600.1 total, 600.0 interval
Cumulative writes: 1 writes, 1 keys, 1 commit groups, 1.0 writes per commit group, ingest: 0.00 GB, 0.00 MB/s
Cumulative WAL: 1 writes, 1 syncs, 1.00 writes per sync, written: 0.00 GB, 0.00 MB/s
Cumulative stall: 00:00:0.000 H:M:S, 0.0 percent
Interval writes: 0 writes, 0 keys, 0 commit groups, 0.0 writes per commit group, ingest: 0.00 MB, 0.00 MB/s
Interval WAL: 0 writes, 0 syncs, 0.00 writes per sync, written: 0.00 GB, 0.00 MB/s
Interval stall: 00:00:0.000 H:M:S, 0.0 percent
Write Stall (count): write-buffer-manager-limit-stops: 0
2026/03/19-16:08:56.530272 930 [db\db_impl\db_impl.cc:1091] ------- DUMPING STATS -------
2026/03/19-16:08:56.530375 930 [db\db_impl\db_impl.cc:1092] 
** DB Stats **
Uptime(secs): 7200.1 total, 600.0 interval
Cumulative writes: 1 writes, 1 keys, 1 commit groups, 1.0 writes per commit group, ingest: 0.00 GB, 0.00 MB/s
Cumulative WAL: 1 writes, 1 syncs, 1.00 writes per sync, written: 0.00 GB, 0.00 MB/s
Cumulative stall: 00:00:0.000 H:M:S, 0.0 percent
Interval writes: 0 writes, 0 keys, 0 commit groups, 0.0 writes per commit group, ingest: 0.00 MB, 0.00 MB/s
Interval WAL: 0 writes, 0 syncs, 0.00 writes per sync, written: 0.00 GB, 0.00 MB/s
Interval stall: 00:00:0.000 H:M:S, 0.0 percent
Write Stall (count): write-buffer-manager-limit-stops: 0
2026/03/19-16:18:56.531164 930 [db\db_impl\db_impl.cc:1091] ------- DUMPING STATS -------
2026/03/19-16:18:56.531222 930 [db\db_impl\db_impl.cc:1092] 
** DB Stats **
Uptime(secs): 7800.1 total, 600.0 interval
Cumulative writes: 1 writes, 1 keys, 1 commit groups, 1.0 writes per commit group, ingest: 0.00 GB, 0.00 MB/s
Cumulative WAL: 1 writes, 1 syncs, 1.00 writes per sync, written: 0.00 GB, 0.00 MB/s
Cumulative stall: 00:00:0.000 H:M:S, 0.0 percent
Interval writes: 0 writes, 0 keys, 0 commit groups, 0.0 writes per commit group, ingest: 0.00 MB, 0.00 MB/s
Interval WAL: 0 writes, 0 syncs, 0.00 writes per sync, written: 0.00 GB, 0.00 MB/s
Interval stall: 00:00:0.000 H:M:S, 0.0 percent
Write Stall (count): write-buffer-manager-limit-stops: 0
2026/03/19-16:28:56.532266 930 [db\db_impl\db_impl.cc:1091] ------- DUMPING STATS -------
2026/03/19-16:28:56.532407 930 [db\db_impl\db_impl.cc:1092] 
** DB Stats **
Uptime(secs): 8400.1 total, 600.0 interval
Cumulative writes: 1 writes, 1 keys, 1 commit groups, 1.0 writes per commit group, ingest: 0.00 GB, 0.00 MB/s
Cumulative WAL: 1 writes, 1 syncs, 1.00 writes per sync, written: 0.00 GB, 0.00 MB/s
Cumulative stall: 00:00:0.000 H:M:S, 0.0 percent
Interval writes: 0 writes, 0 keys, 0 commit groups, 0.0 writes per commit group, ingest: 0.00 MB, 0.00 MB/s
Interval WAL: 0 writes, 0 syncs, 0.00 writes per sync, written: 0.00 GB, 0.00 MB/s
Interval stall: 00:00:0.000 H:M:S, 0.0 percent
Write Stall (count): write-buffer-manager-limit-stops: 0
2026/03/19-16:38:56.559335 930 [db\db_impl\db_impl.cc:1091] ------- DUMPING STATS -------
2026/03/19-16:38:56.559445 930 [db\db_impl\db_impl.cc:1092] 
** DB Stats **
Uptime(secs): 9000.1 total, 600.0 interval
Cumulative writes: 1 writes, 1 keys, 1 commit groups, 1.0 writes per commit group, ingest: 0.00 GB, 0.00 MB/s
Cumulative WAL: 1 writes, 1 syncs, 1.00 writes per sync, written: 0.00 GB, 0.00 MB/s
Cumulative stall: 00:00:0.000 H:M:S, 0.0 percent
Interval writes: 0 writes, 0 keys, 0 commit groups, 0.0 writes per commit group, ingest: 0.00 MB, 0.00 MB/s
Interval WAL: 0 writes, 0 syncs, 0.00 writes per sync, written: 0.00 GB, 0.00 MB/s
Interval stall: 00:00:0.000 H:M:S, 0.0 percent
Write Stall (count): write-buffer-manager-limit-stops: 0
2026/03/19-16:48:56.560525 930 [db\db_impl\db_impl.cc:1091] ------- DUMPING STATS -------
